-334.13094,45.267856,-333.375,127.66667000000001
-333.375,127.66667000000001,-235.10119,126.91071000000001
-235.10119,126.91071000000001,-234.34524,42.24404700000001
-334.13094,45.267856,-234.34524,42.24404700000001
-334.13094,45.267856,-182.94047,-43.178571
-182.94047,-43.178571,-134.55952000000002,62.654761
-134.55952000000002,62.654761,-234.34524000000002,42.244047
-234.34524000000002,42.244047,-148.92262000000002,127.66667000000001
-148.92262000000002,127.66667000000001,-235.10119000000003,126.91071000000001
-235.10119000000003,126.91071000000001,-135.31547000000003,63.41071300000001
-135.31547000000003,63.41071300000001,-149.67857000000004,128.42262
-149.67857000000004,128.42262,-234.34524000000005,42.244046999999995
-234.34524000000005,42.244046999999995,-234.34524000000005,42.244046999999995
-234.34524000000005,42.244046999999995,-234.34524000000005,42.244046999999995
-234.34524000000005,42.244046999999995,-234.34524000000005,42.244046999999995
-234.34524000000005,42.244046999999995,-189.74405000000004,182.09524
-189.74405000000004,182.09524,-189.74405000000004,144.29762
-189.74405000000004,144.29762,-234.34524,42.244047